0.0 0.0 0.0 0.0
0.0 0.1 0.0 0.0
0.0 0.2 0.0 0.0
0.0 0.3 0.0 0.0
0.0 0.4 0.0 0.0
0.0 0.5 0.0 0.0
0.0 0.6 0.0 0.0
0.0 0.7 0.0 0.0
0.0 0.8 0.0 0.0
0.0 0.9 0.0 0.0
0.0 1.0 0.0 0.0
0.1 0.0 0.0 0.0
0.1 0.1 0.0 0.0
0.1 0.2 0.0 0.0
0.1 0.3 0.0 0.0
0.1 0.4 0.0 0.0
0.1 0.5 0.0 0.0
0.1 0.6 0.0 0.0
0.1 0.7 0.0 0.0
0.1 0.8 0.0 0.0
0.1 0.9 0.0 0.0
0.1 1.0 0.0 0.0
0.2 0.0 0.0 0.0
0.2 0.1 0.0 0.0
0.2 0.2 0.0 0.0
0.2 0.3 0.0 0.0
0.2 0.4 0.0 0.0
0.2 0.5 0.0 0.0
0.2 0.6 0.0 0.0
0.2 0.7 0.0 0.0
0.2 0.8 0.0 0.0
0.2 0.9 0.0 0.0
0.2 1.0 0.0 0.0
0.3 0.0 0.0 0.0
0.3 0.1 0.0 0.0
0.3 0.2 0.0 0.0
0.3 0.3 0.0013435555555555555 0.050356923950617284
0.3 0.4 0.002174222222222222 0.15792856098765432
0.3 0.5 0.01702 0.34385455555555555
0.3 0.6 0.049270666666666664 1.5021550711111116
0.3 0.7 0.071 0.7864137777777767
0.3 0.8 0.10079066666666667 0.7091531155555596
0.3 0.9 0.1263511111111111 0.587978024691355
0.3 1.0 0.128072 0.5517648177777766
0.4 0.0 0.0 0.0
0.4 0.1 0.0 0.0
0.4 0.2 0.036948888888888885 0.5753308024691359
0.4 0.3 0.1101128888888889 0.5299494735802466
0.4 0.4 0.15889333333333333 0.5504439999999944
0.4 0.5 0.18976533333333334 0.4613805511110928
0.4 0.6 0.21508266666666667 0.4849815822222037
0.4 0.7 0.23458222222222222 0.5186876543209888
0.4 0.8 0.253164 0.4462869822222274
0.4 0.9 0.265288 0.41701352888885884
0.4 1.0 0.275968 0.4132481066667009
0.5 0.0 0.0 0.0
0.5 0.1 0.018309333333333334 0.7164807822222223
0.5 0.2 0.11064755555555555 0.4814712350617337
0.5 0.3 0.17368311111111112 0.4261449535802356
0.5 0.4 0.21873244444444445 0.4771263683950761
0.5 0.5 0.25611466666666666 0.4245431288889144
0.5 0.6 0.28143333333333337 0.4424021111110924
0.5 0.7 0.3023408888888889 0.42216059802467937
0.5 0.8 0.32048622222222223 0.3593538587654475
0.5 0.9 0.3332004444444444 0.37051511061731723
0.5 1.0 0.34381066666666665 0.40020904888887887
0.6 0.0 0.0 0.0
0.6 0.1 0.056202666666666665 0.42517287111111074
0.6 0.2 0.1431217777777778 0.4138842587654246
0.6 0.3 0.21007377777777778 0.4687872809876455
0.6 0.4 0.2565782222222222 0.45301170320988166
0.6 0.5 0.293324 0.4219984488889109
0.6 0.6 0.32457600000000003 0.3712310044444166
0.6 0.7 0.34477511111111114 0.36346067358022555
0.6 0.8 0.3628448888888889 0.38300607358017
0.6 0.9 0.3761417777777778 0.3920221920987591
0.6 1.0 0.38982622222222224 0.35461383654321543
0.7 0.0 0.0 0.0
0.7 0.1 0.07012666666666667 0.6374252222222218
0.7 0.2 0.1603 0.5333158888888895
0.7 0.3 0.2318071111111111 0.43835498469138984
0.7 0.4 0.2834191111111111 0.3698021980246762
0.7 0.5 0.32188355555555553 0.3372665461728815
0.7 0.6 0.3502826666666667 0.3543540266666096
0.7 0.7 0.37402044444444443 0.32876251061726364
0.7 0.8 0.3925408888888889 0.34479882024694236
0.7 0.9 0.4086888888888889 0.3601691358025186
0.7 1.0 0.4221066666666667 0.32397688888888804
0.8 0.0 0.0 0.0
0.8 0.1 0.07798755555555556 0.8441773906172835
0.8 0.2 0.17394177777777778 0.41120441432099325
0.8 0.3 0.24834355555555557 0.37312047950616106
0.8 0.4 0.30090177777777777 0.393826103209937
0.8 0.5 0.341704 0.3647578488888685
0.8 0.6 0.3725084444444445 0.34344171061725354
0.8 0.7 0.39752844444444446 0.31187564395060763
0.8 0.8 0.41759111111111114 0.33813935802457856
0.8 0.9 0.4330315555555556 0.28656506617274136
0.8 1.0 0.4480928888888889 0.3329530958024785
0.9 0.0 0.0 0.0
0.9 0.1 0.08507644444444444 0.783942279506175
0.9 0.2 0.186416 0.5066562488888856
0.9 0.3 0.26160666666666665 0.40626077777778263
0.9 0.4 0.3170773333333334 0.38167260444439016
0.9 0.5 0.3577702222222222 0.3381697832098696
0.9 0.6 0.38938666666666666 0.32063111111107284
0.9 0.7 0.4150253333333333 0.3104432844445109
0.9 0.8 0.43556933333333336 0.3278932044443674
0.9 0.9 0.4531177777777778 0.31398709876537323
0.9 1.0 0.46739200000000003 0.30740117333335804
1.0 0.0 0.0 0.0
1.0 0.1 0.09054533333333334 0.7630534177777765
1.0 0.2 0.19461555555555557 0.46960872839506484
1.0 0.3 0.2719768888888889 0.4212155535802711
1.0 0.4 0.32895244444444444 0.3184339017284103
1.0 0.5 0.37119244444444444 0.37446430172845724
1.0 0.6 0.40373777777777775 0.3189285432098899
1.0 0.7 0.43019555555555555 0.32295061728395524
1.0 0.8 0.45199911111111113 0.315179553580191
1.0 0.9 0.46855466666666673 0.29114997333325443
1.0 1.0 0.48337600000000003 0.29653322666659954
