0.0 638.7666666666667
0.009174311926605505 628.9588888888889
0.01834862385321101 609.6677777777778
0.027522935779816515 598.8133333333334
0.03669724770642202 578.9166666666666
0.045871559633027525 562.1288888888889
0.05504587155963303 552.0233333333333
0.06422018348623854 541.4988888888889
0.07339449541284404 521.6344444444444
0.08256880733944955 506.3077777777778
0.09174311926605505 495.2477777777778
0.10091743119266056 471.18
0.11009174311926606 451.74555555555554
0.11926605504587157 446.7344444444444
0.12844036697247707 423.3122222222222
0.13761467889908258 405.5133333333333
0.14678899082568808 373.0233333333333
0.1559633027522936 363.62444444444446
0.1651376146788991 340.06666666666666
0.1743119266055046 320.7788888888889
0.1834862385321101 288.39222222222224
0.1926605504587156 269.2077777777778
0.2018348623853211 256.92555555555555
0.21100917431192662 223.45111111111112
0.22018348623853212 210.1211111111111
0.22935779816513763 129.60222222222222
0.23853211009174313 122.77111111111111
0.24770642201834864 76.50555555555556
0.25688073394495414 43.64111111111111
0.26605504587155965 14.268888888888888
0.27522935779816515 6.3
0.28440366972477066 4.817777777777778
0.29357798165137616 1.291111111111111
0.30275229357798167 0.45555555555555555
0.3119266055045872 1.9355555555555555
0.3211009174311927 0.6311111111111111
0.3302752293577982 0.6877777777777778
0.3394495412844037 1.0644444444444445
0.3486238532110092 2.0044444444444443
0.3577981651376147 0.0
0.3669724770642202 0.0
0.3761467889908257 1.1633333333333333
0.3853211009174312 0.0
0.3944954128440367 1.5477777777777777
0.4036697247706422 0.15888888888888889
0.41284403669724773 0.0
0.42201834862385323 0.0
0.43119266055045874 0.0
0.44036697247706424 0.0
0.44954128440366975 0.0
0.45871559633027525 0.0
0.46788990825688076 0.0
0.47706422018348627 0.0
0.48623853211009177 0.0
0.4954128440366973 0.0
0.5045871559633028 0.0
0.5137614678899083 0.0
0.5229357798165137 0.0
0.5321100917431193 0.0
0.5412844036697249 0.0
0.5504587155963303 0.0
0.5596330275229358 0.0
0.5688073394495413 0.0
0.5779816513761469 0.0
0.5871559633027523 0.0
0.5963302752293578 0.0
0.6055045871559633 0.0
0.6146788990825689 0.0
0.6238532110091743 0.0
0.6330275229357798 0.0
0.6422018348623854 0.0
0.6513761467889909 0.0
0.6605504587155964 0.0
0.6697247706422018 0.0
0.6788990825688074 0.0
0.6880733944954129 0.0
0.6972477064220184 0.0
0.7064220183486238 0.0
0.7155963302752294 0.0
0.724770642201835 0.0
0.7339449541284404 0.0
0.7431192660550459 0.0
0.7522935779816514 0.0
0.761467889908257 0.0
0.7706422018348624 0.0
0.7798165137614679 0.0
0.7889908256880734 0.0
0.798165137614679 0.0
0.8073394495412844 0.0
0.8165137614678899 0.0
0.8256880733944955 0.0
0.834862385321101 0.0
0.8440366972477065 0.0
0.8532110091743119 0.0
0.8623853211009175 0.0
0.871559633027523 0.0
0.8807339449541285 0.0
0.8899082568807339 0.0
0.8990825688073395 0.0
0.9082568807339451 0.0
0.9174311926605505 0.0
0.926605504587156 0.0
0.9357798165137615 0.0
0.9449541284403671 0.0
0.9541284403669725 0.0
0.963302752293578 0.0
0.9724770642201835 0.0
0.9816513761467891 0.0
0.9908256880733946 0.0
1.0 0.0
